0,273
3,2
10,219
10,83
10,133
10,101
10,225
10,155
10,85
10,2
10,3
11,16
11,15
9,5
9,2
9,3
8,17
8,14
8,12
54,4
54,3
54,2
54,1
8,10
54,0
52,3
8,2
52,2
52,1
8,3
52,0
48,2
47,4
47,3
47,1
45,4
45,3
45,2
45,1
44,4
44,3
44,2
44,1
42,5
42,4
42,3
42,2
42,1
39,4
39,3
39,1
37,4
37,3
37,1
28,4
28,3
28,1
25,3
25,1
20,3
20,2
20,1
19,3
19,2
19,1
12,3
12,2
12,1
11,28
11,27
11,26
11,25
11,24
11,23
11,22
11,21
11,20
11,19
11,18
11,17
11,14
11,13
11,12
11,11
11,10
11,9
11,8
11,7
11,6
11,5
18,1
11,4
11,3
18,3
11,2
11,1
10,309
10,308
10,307
10,306
10,305
10,304
10,303
10,302
10,301
10,300
10,299
10,298
10,297
10,296
10,295
10,294
10,293
10,292
10,291
